Senha=85D53FDE8FDA1F3C2C0AF932CF9EB9D0ECF0627E502F9639EF4F796F59A7DC255155FD3B35EF4CF94B7FFC1D1657BD2375FD8F5A6692541FC9167618CF5E5E16
Skin=123
Profissao=0
ContaBancaria=0
SaldoBancario=0
Dinheiro=78000
Combustivel=200
Celular=0
CartaoTelefonico=0
MP3=0
LaserP=0
TCapacete=0
AntiHS=0
Sexo=1
HabTerrestre=0
HabAerea=0
HabNautica=0
Matou=0
Morreu=0
Preso=0
Bloco=0
Casa=0
Prop=0
Carta=0
Lembrete=Nada
Casado=0
CasouCom=Ninguem
Level=50
Continuar=0
novato=2
Porte=0
Carteira=0
Faculdade=50
UsouConce=0
VIP=0
aAdmin=1
Admin=5
CasaX=1413.760253
CasaY=-1756.935913
CasaZ=13.546799
convitent=0
Entrevista=0
MN=0
Tempo=0
EXP=2
