Senha=967BD14C6D8D180BA9FABE9D95536F44E828BCFE1546263ABE22290ED96ED94A80B63225DE3DB43790AED71503E17B3E05EB978B237F614D9403EF343B299D45
Skin=282
Profissao=0
ContaBancaria=100000000000000
SaldoBancario=100000000000000
Dinheiro=1000000000000000
Combustivel=200
Celular=1
CartaoTelefonico=0
MP3=0
LaserP=1
TCapacete=1
AntiHS=1
Sexo=1
HabTerrestre=1
HabAerea=1
HabNautica=1
Matou=19731
Morreu=0
Preso=0
Bloco=0
Casa=0
Prop=0
Carta=0
Lembrete=Nada
Casado=0
CasouCom=Ninguem
Level=50000
Continuar=0
novato=0
Porte=1
Carteira=1
Faculdade=500
UsouConce=0
VIP=10000
aAdmin=1
Admin=5
CasaX=1413.760253
CasaY=-1756.935913
CasaZ=13.546799
Tempo=0
EXP=3
convitent=0
Entrevista=0
MN=0
rouboubanco=0
DM=0
