PosX=2117.233398
PosY=896.869873
PosZ=11.179687
Int=0
IntID=0
IntX=2117.233398
IntY=896.869873
IntZ=11.179687
Mundo=3
TDono=1
Dono=luan157
Preco=100
Nome=quem manda aq e os dk porra
Id=134
IconId=131
Grana=1
