PosX=2800.564941
PosY=-1105.435424
PosZ=30.718750
Int=0
IntID=0
IntX=2800.564941
IntY=-1105.435424
IntZ=30.718750
Mundo=1
TDono=0
Dono=Ninguem
Preco=1000
Nome=Sem Nome
Id=132
IconId=129
