PosX=2597.960205
PosY=1820.301147
PosZ=10.820312
Int=0
IntID=0
IntX=2597.960205
IntY=1820.301147
IntZ=10.820312
Mundo=2
TDono=1
Dono=marcel06
Preco=1000
Nome=Sem Nome
Id=133
IconId=130
Grana=20
