PosX=2151.283935
PosY=-1014.130432
PosZ=62.735942
Int=0
IntID=0
IntX=2151.283935
IntY=-1014.130432
IntZ=62.735942
Mundo=0
TDono=1
Dono=Vitor_DK
Preco=100000
Nome=Sem Nome
Id=131
IconId=128
Grana=2000
