Modelo=969
fCordX=1429.352416
fCordY=-1650.081176
fCordZ=13.382812
fCordRX=0.000000
fCordRY=0.000000
fCordRZ=0.000000
aCordX=1429.352416
aCordY=-1650.081176
aCordZ=13.382812
aCordRX=0.000000
aCordRY=0.000000
aCordRZ=0.000000
IntID=0
Id=26
TDono=0
Dono=Ninguem
Convidado1=Ninguem
Convidado2=Ninguem
Convidado3=Ninguem
