Int=1
EX=222.953399
EY=1287.764892
EZ=1082.140625
