Int=5
EX=1263.859497
EY=-783.783874
EZ=1091.906250
