Int=5
EX=1299.140014
EY=-794.770019
EZ=1084.007812
