Int=2
EX=490.998687
EY=1399.416381
EZ=1080.257812
