Int=10
EX=2016.269897
EY=1017.778991
EZ=996.875000
