Int=2
EX=2575.749267
EY=-1300.510375
EZ=1060.984252
