Int=1
EX=-2042.420043
EY=178.589904
EZ=28.844400
