Int=5
EX=227.121200
EY=1114.183959
EZ=1080.997192
