Int=2
EX=271.884887
EY=306.631896
EZ=999.148376
