Int=4
EX=261.082702
EY=1284.689941
EZ=1080.257812
