Int=7
EX=225.662399
EY=1022.534484
EZ=1084.014526
