Int=9
EX=260.673400
EY=1237.790893
EZ=1084.257812
