Int=15
EX=376.842590
EY=1417.322631
EZ=1081.328125
