Int=15
EX=295.287414
EY=1473.276855
EZ=1080.257812
