Int=15
EX=327.943115
EY=1478.380126
EZ=1084.437500
