Int=10
EX=2270.104980
EY=-1210.391723
EZ=1047.562500
