Int=2
EX=447.121093
EY=1397.844360
EZ=1084.304687
