Int=6
EX=2196.006347
EY=-1204.632568
EZ=1049.023437
