Int=3
EX=235.341598
EY=1187.288208
EZ=1080.257812
