Modelo=411
CordX=2102.992187
CordY=-1272.538940
CordZ=25.227630
Angulo=355.917388
Cor1=-1
Cor2=-1
TDono=1
Dono=daniel06
CarVIP=0
Preco=50000
Combustivel=97
Id=93
