Modelo=411
CordX=2044.331176
CordY=1915.284423
CordZ=11.953823
Angulo=2.542668
Cor1=-1
Cor2=-1
TDono=0
Dono=Ninguem
CarVIP=0
Preco=1
Combustivel=99
Id=118
