Modelo=487
CordX=2045.712524
CordY=1907.847167
CordZ=12.374991
Angulo=8.021929
Cor1=0
Cor2=0
TDono=1
Dono=BiiiL
CarVIP=1
Preco=1
Combustivel=98
Id=115
