Modelo=562
CordX=1455.486328
CordY=-1761.278686
CordZ=13.061404
Angulo=266.021759
Cor1=-1
Cor2=-1
TDono=0
Dono=Ninguem
CarVIP=0
Preco=1
Combustivel=100
Id=81
