Modelo=541
CordX=2045.806030
CordY=1938.101440
CordZ=11.803863
Angulo=355.505126
Cor1=-1
Cor2=-1
TDono=0
Dono=Ninguem
CarVIP=0
Preco=1
Combustivel=100
Id=110
