Modelo=495
CordX=1059.574340
CordY=1289.102661
CordZ=10.445305
Angulo=266.815399
Cor1=-1
Cor2=-1
TDono=0
Dono=Ninguem
CarVIP=0
Preco=10000
Combustivel=100
Id=167
