Modelo=428
CordX=1460.615234
CordY=-683.630432
CordZ=94.373527
Angulo=92.800231
Cor1=-1
Cor2=-1
TDono=1
Dono=luan157
CarVIP=1
Preco=1
Combustivel=99
Id=112
