Modelo=560
CordX=1094.600708
CordY=1305.134765
CordZ=10.547603
Angulo=91.339393
Cor1=-1
Cor2=-1
TDono=0
Dono=Ninguem
CarVIP=0
Preco=10000
Combustivel=100
Id=128
