Modelo=560
CordX=1094.638061
CordY=1301.729003
CordZ=10.547780
Angulo=91.347579
Cor1=-1
Cor2=-1
TDono=0
Dono=Ninguem
CarVIP=0
Preco=10000
Combustivel=100
Id=130
