Modelo=411
CordX=1094.917968
CordY=1348.173583
CordZ=10.445485
Angulo=89.099044
Cor1=-1
Cor2=-1
TDono=0
Dono=Ninguem
CarVIP=0
Preco=10000
Combustivel=100
Id=158
