Modelo=411
CordX=1094.636474
CordY=1342.993286
CordZ=10.547818
Angulo=92.191047
Cor1=-1
Cor2=-1
TDono=0
Dono=Ninguem
CarVIP=0
Preco=50000
Combustivel=100
Id=91
