Modelo=451
CordX=2035.311035
CordY=1928.030029
CordZ=11.821768
Angulo=173.250076
Cor1=0
Cor2=0
TDono=1
Dono=BiiiL
CarVIP=1
Preco=1
Combustivel=98
Id=116
TRoda=1
Roda=1080
TSuspensao=1
Suspensao=1087
