Modelo=541
CordX=1094.918212
CordY=1267.277954
CordZ=10.445429
Angulo=91.320281
Cor1=-1
Cor2=-1
TDono=0
Dono=Ninguem
CarVIP=0
Preco=10000
Combustivel=100
Id=154
