Modelo=541
CordX=1094.916259
CordY=1256.528076
CordZ=10.445528
Angulo=90.497879
Cor1=-1
Cor2=-1
TDono=0
Dono=Ninguem
CarVIP=0
Preco=100000
Combustivel=100
Id=146
