Modelo=487
CordX=973.729980
CordY=1338.669433
CordZ=13.394553
Angulo=97.580375
Cor1=-1
Cor2=-1
TDono=1
Dono=Vitor_DK
Preco=100000
Combustivel=100
CarVIP=1
Id=86
