Modelo=411
CordX=1094.639892
CordY=1325.985717
CordZ=10.547780
Angulo=88.931427
Cor1=-1
Cor2=-1
TDono=0
Dono=Ninguem
CarVIP=0
Preco=10000
Combustivel=100
Id=123
