Modelo=411
CordX=831.658386
CordY=-856.364562
CordZ=69.542404
Angulo=198.900161
Cor1=-1
Cor2=-1
TDono=1
Dono=mateus157
CarVIP=1
Preco=10000
Combustivel=96
Id=96
