Modelo=562
CordX=1464.052856
CordY=-1749.329101
CordZ=13.061347
Angulo=80.254676
Cor1=-1
Cor2=-1
TDono=1
Dono=SubZero_C1V
CarVIP=0
Preco=1
Combustivel=100
Id=85
