Modelo=431
CordX=1082.502319
CordY=1229.880249
CordZ=10.916570
Angulo=0.445287
Cor1=-1
Cor2=-1
TDono=0
Dono=Ninguem
CarVIP=0
Preco=10000
Combustivel=97
Id=107
