Modelo=560
CordX=1094.640869
CordY=1295.873901
CordZ=10.547853
Angulo=90.075355
Cor1=-1
Cor2=-1
TDono=0
Dono=Ninguem
CarVIP=0
Preco=10000
Combustivel=100
Id=134
