Modelo=411
CordX=1094.629028
CordY=1328.493896
CordZ=10.547741
Angulo=90.633102
Cor1=-1
Cor2=-1
TDono=0
Dono=Ninguem
CarVIP=0
Preco=50000
Combustivel=100
Id=95
