Modelo=541
CordX=1461.195434
CordY=-671.472839
CordZ=94.371940
Angulo=86.174537
Cor1=-1
Cor2=-1
TDono=1
Dono=luan157
CarVIP=1
Preco=1
Combustivel=99
Id=143
