Modelo=495
CordX=1059.699584
CordY=1282.930786
CordZ=10.445992
Angulo=272.049804
Cor1=-1
Cor2=-1
TDono=0
Dono=Ninguem
CarVIP=0
Preco=10000
Combustivel=100
Id=168
