Modelo=545
CordX=2045.104736
CordY=1923.037475
CordZ=11.952185
Angulo=0.565999
Cor1=6
Cor2=6
TDono=1
Dono=BiiiL
Preco=100000
Combustivel=98
CarVIP=1
Id=109
TRoda=1
Roda=1079
