Modelo=411
CordX=1055.260864
CordY=-636.923339
CordZ=119.737297
Angulo=88.350318
Cor1=-1
Cor2=-1
TDono=1
Dono=marcel06
CarVIP=1
Preco=50000
Combustivel=87
Id=90
TNitro=1
Nitro=1010
