Modelo=468
CordX=2034.110961
CordY=1922.645141
CordZ=11.847809
Angulo=257.165649
Cor1=0
Cor2=0
TDono=1
Dono=BiiiL
CarVIP=1
Preco=1
Combustivel=99
Id=117
