Modelo=411
CordX=829.759338
CordY=-850.713317
CordZ=69.540100
Angulo=202.551986
Cor1=-1
Cor2=-1
TDono=1
Dono=mateus157
CarVIP=1
Preco=50000
Combustivel=91
Id=89
