Modelo=541
CordX=1094.913330
CordY=1273.614868
CordZ=10.445351
Angulo=90.179214
Cor1=-1
Cor2=-1
TDono=0
Dono=Ninguem
CarVIP=0
Preco=10000
Combustivel=100
Id=151
