Modelo=522
CordX=1468.115356
CordY=-1757.704467
CordZ=13.110091
Angulo=107.835517
Cor1=-1
Cor2=-1
TDono=1
Dono=SubZero_C1V
CarVIP=0
Preco=2
Combustivel=90
Id=88
