Modelo=495
CordX=1059.579711
CordY=1269.787597
CordZ=10.445567
Angulo=270.454101
Cor1=-1
Cor2=-1
TDono=0
Dono=Ninguem
CarVIP=0
Preco=10000
Combustivel=100
Id=165
