Modelo=411
CordX=1094.637207
CordY=1339.727905
CordZ=10.547791
Angulo=91.384925
Cor1=-1
Cor2=-1
TDono=1
Dono=MARCIO_Pcc
CarVIP=0
Preco=50000
Combustivel=97
Id=92
