Modelo=431
CordX=1076.881591
CordY=1229.903808
CordZ=10.924248
Angulo=359.121185
Cor1=-1
Cor2=-1
TDono=0
Dono=Ninguem
CarVIP=0
Preco=10000
Combustivel=100
Id=108
