Modelo=541
CordX=1094.828857
CordY=1262.441284
CordZ=10.445918
Angulo=93.421257
Cor1=-1
Cor2=-1
TDono=0
Dono=Ninguem
CarVIP=0
Preco=100000
Combustivel=100
Id=150
