Modelo=431
CordX=1059.084350
CordY=1229.906127
CordZ=10.925383
Angulo=358.413726
Cor1=-1
Cor2=-1
TDono=0
Dono=Ninguem
CarVIP=0
Preco=100000
Combustivel=100
Id=144
