Modelo=411
CordX=1094.805175
CordY=1354.202636
CordZ=10.446460
Angulo=90.261566
Cor1=-1
Cor2=-1
TDono=0
Dono=Ninguem
CarVIP=0
Preco=10000
Combustivel=100
Id=157
