Modelo=521
CordX=985.731628
CordY=-675.679931
CordZ=121.544822
Angulo=43.594078
Cor1=-1
Cor2=-1
TDono=1
Dono=daniel06
CarVIP=0
Preco=100
Combustivel=99
Id=145
