Modelo=521
CordX=2276.309814
CordY=-1048.841674
CordZ=48.996578
Angulo=46.693313
Cor1=-1
Cor2=-1
TDono=1
Dono=daniel06
Preco=100000
Combustivel=83
CarVIP=0
Id=102
