Modelo=560
CordX=1094.574340
CordY=1283.248901
CordZ=10.548210
Angulo=89.476501
Cor1=-1
Cor2=-1
TDono=0
Dono=Ninguem
CarVIP=0
Preco=10000
Combustivel=100
Id=131
