Modelo=560
CordX=1094.631958
CordY=1286.034057
CordZ=10.547825
Angulo=92.964286
Cor1=-1
Cor2=-1
TDono=0
Dono=Ninguem
CarVIP=0
Preco=10000
Combustivel=100
Id=133
