Modelo=495
CordX=1059.577026
CordY=1279.421508
CordZ=10.445614
Angulo=271.166503
Cor1=-1
Cor2=-1
TDono=0
Dono=Ninguem
CarVIP=0
Preco=10000
Combustivel=100
Id=166
