Modelo=562
CordX=1475.833007
CordY=-1762.693847
CordZ=13.061413
Angulo=266.021362
Cor1=-1
Cor2=-1
TDono=0
Dono=Ninguem
CarVIP=0
Preco=1
Combustivel=100
Id=83
