Modelo=541
CordX=1094.632934
CordY=1250.612182
CordZ=10.547774
Angulo=88.843055
Cor1=-1
Cor2=-1
TDono=0
Dono=Ninguem
CarVIP=0
Preco=10000
Combustivel=100
Id=138
