Modelo=411
CordX=1094.633666
CordY=1336.721069
CordZ=10.547562
Angulo=90.322601
Cor1=-1
Cor2=-1
TDono=0
Dono=Ninguem
CarVIP=0
Preco=10000
Combustivel=100
Id=122
