Modelo=431
CordX=1072.453735
CordY=1229.918334
CordZ=10.923183
Angulo=359.736816
Cor1=-1
Cor2=-1
TDono=0
Dono=Ninguem
CarVIP=0
Preco=10000
Combustivel=100
Id=119
