Modelo=560
CordX=1094.644409
CordY=1288.881225
CordZ=10.547760
Angulo=89.995903
Cor1=-1
Cor2=-1
TDono=0
Dono=Ninguem
CarVIP=0
Preco=10000
Combustivel=100
Id=135
