Modelo=566
CordX=992.933593
CordY=-667.106140
CordZ=121.682640
Angulo=299.724670
Cor1=-1
Cor2=-1
TDono=1
Dono=daniel06
CarVIP=0
Preco=100
Combustivel=99
Id=142
