Modelo=541
CordX=1094.633911
CordY=1254.094604
CordZ=10.547780
Angulo=88.141357
Cor1=-1
Cor2=-1
TDono=0
Dono=Ninguem
CarVIP=0
Preco=10000
Combustivel=100
Id=140
