Modelo=431
CordX=1087.121704
CordY=1230.500610
CordZ=10.920179
Angulo=358.354980
Cor1=-1
Cor2=-1
TDono=0
Dono=Ninguem
CarVIP=0
Preco=10000
Combustivel=100
Id=106
