Modelo=560
CordX=1094.622680
CordY=1298.491333
CordZ=10.547731
Angulo=88.706085
Cor1=-1
Cor2=-1
TDono=0
Dono=Ninguem
CarVIP=0
Preco=10000
Combustivel=100
Id=132
