Modelo=495
CordX=1059.577148
CordY=1291.973754
CordZ=10.445343
Angulo=269.123840
Cor1=-1
Cor2=-1
TDono=0
Dono=Ninguem
CarVIP=0
Preco=10000
Combustivel=100
Id=164
