Modelo=411
CordX=1094.634521
CordY=1334.067993
CordZ=10.547278
Angulo=89.645133
Cor1=-1
Cor2=-1
TDono=0
Dono=Ninguem
CarVIP=0
Preco=10000
Combustivel=100
Id=124
