Modelo=560
CordX=1094.738769
CordY=1312.094604
CordZ=10.524536
Angulo=90.904647
Cor1=-1
Cor2=-1
TDono=0
Dono=Ninguem
CarVIP=0
Preco=10000
Combustivel=100
Id=98
