Modelo=560
CordX=1094.742919
CordY=1308.875000
CordZ=10.524265
Angulo=90.545455
Cor1=-1
Cor2=-1
TDono=0
Dono=Ninguem
CarVIP=0
Preco=10000
Combustivel=100
Id=99
