Modelo=541
CordX=2034.871948
CordY=1916.140991
CordZ=11.801875
Angulo=176.815811
Cor1=-1
Cor2=-1
TDono=1
Dono=BiiiL
CarVIP=1
Preco=1
Combustivel=99
Id=114
