Modelo=560
CordX=1094.746093
CordY=1316.581176
CordZ=10.524205
Angulo=90.248420
Cor1=-1
Cor2=-1
TDono=0
Dono=Ninguem
CarVIP=0
Preco=10000
Combustivel=100
Id=97
