Modelo=431
CordX=1063.053466
CordY=1229.887329
CordZ=10.927403
Angulo=0.496343
Cor1=-1
Cor2=-1
TDono=0
Dono=Ninguem
CarVIP=0
Preco=10000
Combustivel=100
Id=121
