Modelo=522
CordX=1462.057617
CordY=-689.429443
CordZ=94.375305
Angulo=89.420677
Cor1=-1
Cor2=-1
TDono=1
Dono=luan157
CarVIP=1
Preco=1
Combustivel=92
Id=111
