Modelo=562
CordX=1466.390747
CordY=-1762.036987
CordZ=13.061347
Angulo=266.021362
Cor1=-1
Cor2=-1
TDono=0
Dono=Ninguem
CarVIP=0
Preco=1
Combustivel=100
Id=82
