Modelo=560
CordX=1094.608642
CordY=1280.507080
CordZ=10.547030
Angulo=90.442161
Cor1=-1
Cor2=-1
TDono=0
Dono=Ninguem
CarVIP=0
Preco=10000
Combustivel=100
Id=129
