Modelo=411
CordX=2633.615234
CordY=1720.852416
CordZ=10.755013
Angulo=358.370330
Cor1=-1
Cor2=-1
TDono=1
Dono=pcc
CarVIP=0
Preco=50000
Combustivel=89
Id=94
