Modelo=451
CordX=1460.748657
CordY=-677.800781
CordZ=94.361602
Angulo=93.352516
Cor1=-1
Cor2=-1
TDono=1
Dono=luan157
CarVIP=1
Preco=1
Combustivel=100
Id=141
