Modelo=495
CordX=1059.586059
CordY=1276.166625
CordZ=10.445421
Angulo=272.902343
Cor1=-1
Cor2=-1
TDono=0
Dono=Ninguem
CarVIP=0
Preco=10000
Combustivel=100
Id=163
