Modelo=562
CordX=1444.866088
CordY=-1760.983886
CordZ=13.061402
Angulo=283.417724
Cor1=-1
Cor2=-1
TDono=1
Dono=SubZero_C1V
CarVIP=0
Preco=1
Combustivel=100
Id=80
