Modelo=522
CordX=943.610168
CordY=1530.081176
CordZ=10.531544
Angulo=264.741424
Cor1=-1
Cor2=-1
TDono=1
Dono=Vitor_DK
Preco=100000
Combustivel=98
CarVIP=1
Id=87
