Modelo=495
CordX=1059.730468
CordY=1273.092895
CordZ=10.445580
Angulo=271.601959
Cor1=-1
Cor2=-1
TDono=0
Dono=Ninguem
CarVIP=0
Preco=10000
Combustivel=100
Id=161
