Modelo=431
CordX=1068.180664
CordY=1229.876953
CordZ=10.922937
Angulo=0.202212
Cor1=-1
Cor2=-1
TDono=0
Dono=Ninguem
CarVIP=0
Preco=10000
Combustivel=100
Id=120
