Modelo=411
CordX=1094.918334
CordY=1351.554077
CordZ=10.445592
Angulo=91.283782
Cor1=-1
Cor2=-1
TDono=0
Dono=Ninguem
CarVIP=0
Preco=10000
Combustivel=100
Id=159
