Modelo=411
CordX=1094.634033
CordY=1331.349121
CordZ=10.548283
Angulo=90.524833
Cor1=-1
Cor2=-1
TDono=0
Dono=Ninguem
CarVIP=0
Preco=10000
Combustivel=100
Id=127
