Modelo=495
CordX=1059.656738
CordY=1295.409667
CordZ=10.446134
Angulo=268.334320
Cor1=-1
Cor2=-1
TDono=0
Dono=Ninguem
CarVIP=0
Preco=10000
Combustivel=100
Id=162
