Modelo=522
CordX=1031.059814
CordY=1304.257446
CordZ=10.442980
Angulo=9.326855
Cor1=-1
Cor2=-1
TDono=1
Dono=marcel06
CarVIP=1
Preco=10000
Combustivel=85
Id=100
