Modelo=411
CordX=1094.917236
CordY=1356.769042
CordZ=10.445649
Angulo=93.751991
Cor1=-1
Cor2=-1
TDono=0
Dono=Ninguem
CarVIP=0
Preco=10000
Combustivel=100
Id=155
