Modelo=541
CordX=961.317626
CordY=1499.356445
CordZ=10.542247
Angulo=267.467773
Cor1=-1
Cor2=-1
TDono=1
Dono=Vitor_DK
CarVIP=1
Preco=10000
Combustivel=97
Id=139
