Modelo=562
CordX=1474.956665
CordY=-1753.737426
CordZ=13.061402
Angulo=45.365886
Cor1=-1
Cor2=-1
TDono=1
Dono=SubZero_C1V
CarVIP=0
Preco=1
Combustivel=100
Id=84
