Modelo=411
CordX=1094.548461
CordY=1319.765625
CordZ=10.548446
Angulo=91.651802
Cor1=-1
Cor2=-1
TDono=0
Dono=Ninguem
CarVIP=0
Preco=10000
Combustivel=100
Id=126
