Modelo=431
CordX=1091.745361
CordY=1229.997436
CordZ=10.919631
Angulo=359.731964
Cor1=-1
Cor2=-1
TDono=0
Dono=Ninguem
CarVIP=0
Preco=10000
Combustivel=100
Id=105
