Modelo=541
CordX=994.942993
CordY=-670.151489
CordZ=121.602905
Angulo=295.322998
Cor1=-1
Cor2=-1
TDono=1
Dono=daniel06
CarVIP=0
Preco=10000
Combustivel=95
Id=137
