Modelo=495
CordX=1059.582885
CordY=1299.246948
CordZ=10.446569
Angulo=272.071197
Cor1=-1
Cor2=-1
TDono=0
Dono=Ninguem
CarVIP=0
Preco=10000
Combustivel=100
Id=160
