Modelo=431
CordX=1095.741210
CordY=1229.879150
CordZ=10.916173
Angulo=0.000000
Cor1=-1
Cor2=-1
TDono=0
Dono=Ninguem
CarVIP=0
Preco=10000
Combustivel=100
Id=104
