Modelo=560
CordX=1094.633911
CordY=1293.036743
CordZ=10.547837
Angulo=88.656402
Cor1=-1
Cor2=-1
TDono=0
Dono=Ninguem
CarVIP=0
Preco=10000
Combustivel=100
Id=136
