Modelo=541
CordX=1094.682006
CordY=1247.705810
CordZ=10.445261
Angulo=87.793334
Cor1=-1
Cor2=-1
TDono=0
Dono=Ninguem
CarVIP=0
Preco=100000
Combustivel=100
Id=147
