Modelo=541
CordX=1094.918701
CordY=1259.503295
CordZ=10.445577
Angulo=91.706214
Cor1=-1
Cor2=-1
TDono=0
Dono=Ninguem
CarVIP=0
Preco=100000
Combustivel=100
Id=148
