Modelo=521
CordX=1290.378295
CordY=-786.922302
CordZ=96.455444
Angulo=251.305709
Cor1=-1
Cor2=-1
TDono=1
Dono=BNF_Rafa_DK_
Preco=100000
Combustivel=99
CarVIP=1
Id=101
