Modelo=541
CordX=1094.917724
CordY=1270.961791
CordZ=10.445538
Angulo=89.719612
Cor1=-1
Cor2=-1
TDono=0
Dono=Ninguem
CarVIP=0
Preco=10000
Combustivel=100
Id=153
