Modelo=522
CordX=2034.484985
CordY=1920.784545
CordZ=11.737492
Angulo=256.506225
Cor1=157
Cor2=0
TDono=1
Dono=BiiiL
CarVIP=1
Preco=1
Combustivel=93
Id=113
TRoda=1
Roda=1080
TSuspensao=1
Suspensao=1087
