Modelo=411
CordX=1094.910888
CordY=1345.573364
CordZ=10.445755
Angulo=91.629249
Cor1=-1
Cor2=-1
TDono=0
Dono=Ninguem
CarVIP=0
Preco=10000
Combustivel=100
Id=156
