Modelo=411
CordX=2045.075439
CordY=1929.560668
CordZ=11.858728
Angulo=355.824035
Cor1=157
Cor2=-1
TDono=1
Dono=BiiiL
Preco=1
Combustivel=99
CarVIP=1
Id=103
TRoda=1
Roda=1079
