Modelo=541
CordX=1094.798583
CordY=1276.109375
CordZ=10.446475
Angulo=87.354751
Cor1=-1
Cor2=-1
TDono=0
Dono=Ninguem
CarVIP=0
Preco=100000
Combustivel=100
Id=149
