Modelo=411
CordX=1094.636718
CordY=1322.947265
CordZ=10.547873
Angulo=87.983543
Cor1=-1
Cor2=-1
TDono=0
Dono=Ninguem
CarVIP=0
Preco=10000
Combustivel=100
Id=125
