PosX=2556.259277
PosY=1859.663818
PosZ=11.023437
Int=1
IntID=0
Mundo=37
TDono=0
Dono=Ninguem
Preco=10000
Trancada=0
TMorador=0
Morador=Ninguem
Id=115
IconId=112
