PosX=980.416870
PosY=-677.307312
PosZ=121.976257
Int=10
IntID=0
Mundo=48
TDono=1
Dono=daniel06
Preco=100
Trancada=0
TMorador=0
Morador=Ninguem
Id=126
IconId=123
