PosX=2588.204589
PosY=1739.942749
PosZ=11.023437
Int=1
IntID=0
Mundo=40
TDono=0
Dono=Ninguem
Preco=10000
Trancada=0
TMorador=0
Morador=Ninguem
Id=118
IconId=115
