PosX=2571.998291
PosY=1904.944091
PosZ=11.023437
Int=1
IntID=0
Mundo=36
TDono=0
Dono=Ninguem
Preco=10000
Trancada=0
TMorador=0
Morador=Ninguem
Id=114
IconId=111
