PosX=2792.800292
PosY=-1087.607055
PosZ=30.718750
Int=1
IntID=0
Mundo=32
TDono=0
Dono=Ninguem
Preco=10000
Trancada=0
TMorador=0
Morador=Ninguem
Id=110
IconId=107
