PosX=2469.339599
PosY=-1646.348144
PosZ=13.780097
Int=1
IntID=0
Mundo=17
TDono=0
Dono=Ninguem
Preco=10000
Trancada=0
TMorador=0
Morador=Ninguem
Id=95
IconId=92
