PosX=2638.589111
PosY=1671.786376
PosZ=11.023437
Int=1
IntID=0
Mundo=42
TDono=0
Dono=Ninguem
Preco=10000
Trancada=0
TMorador=0
Morador=Ninguem
Id=120
IconId=117
