PosX=1045.248657
PosY=-642.923522
PosZ=120.117187
Int=1
IntID=0
Mundo=51
TDono=0
Dono=Ninguem
Preco=100000
Trancada=0
TMorador=0
Morador=Ninguem
Id=129
IconId=126
