PosX=2459.413085
PosY=-1691.661865
PosZ=13.546424
Int=1
IntID=0
Mundo=49
TDono=0
Dono=Ninguem
Preco=10000
Trancada=0
TMorador=0
Morador=Ninguem
Id=127
IconId=124
