PosX=967.348327
PosY=1435.596313
PosZ=10.820312
Int=1
IntID=0
Mundo=0
TDono=1
Dono=Vitor_DK
Preco=1
Trancada=0
TMorador=0
Morador=Ninguem
Id=78
IconId=75
