PosX=1442.808471
PosY=-628.832946
PosZ=95.718566
Int=1
IntID=0
Mundo=47
TDono=0
Dono=Ninguem
Preco=10000
Trancada=0
TMorador=0
Morador=Ninguem
Id=125
IconId=122
