PosX=2634.758056
PosY=1824.699340
PosZ=11.016061
Int=1
IntID=0
Mundo=34
TDono=0
Dono=Ninguem
Preco=10000
Trancada=0
TMorador=0
Morador=Ninguem
Id=112
IconId=109
