PosX=2090.568847
PosY=-972.584289
PosZ=51.856761
Int=1
IntID=0
Mundo=6
TDono=0
Dono=Ninguem
Preco=10000
Trancada=0
TMorador=0
Morador=Ninguem
Id=84
IconId=81
