PosX=2140.126708
PosY=-1008.537536
PosZ=61.988605
Int=1
IntID=0
Mundo=3
TDono=0
Dono=Ninguem
Preco=10000
Trancada=0
TMorador=0
Morador=Ninguem
Id=81
IconId=78
