PosX=120.328231
PosY=1733.361083
PosZ=17.640625
Int=10
IntID=0
Mundo=52
TDono=1
Dono=marcel06
Preco=100000
Trancada=0
TMorador=0
Morador=Ninguem
Id=130
IconId=127
