PosX=1309.875244
PosY=-1367.230834
PosZ=13.524445
Int=1
IntID=0
Mundo=30
TDono=0
Dono=Ninguem
Preco=10000
Trancada=0
TMorador=0
Morador=Ninguem
Id=108
IconId=105
