PosX=2452.004638
PosY=-1641.815795
PosZ=13.735734
Int=1
IntID=0
Mundo=18
TDono=0
Dono=Ninguem
Preco=10000
Trancada=0
TMorador=0
Morador=Ninguem
Id=96
IconId=93
