PosX=952.147705
PosY=-909.137634
PosZ=45.765625
Int=1
IntID=0
Mundo=23
TDono=0
Dono=Ninguem
Preco=10000
Trancada=0
TMorador=0
Morador=Ninguem
Id=101
IconId=98
