PosX=2638.788818
PosY=1850.131713
PosZ=11.023437
Int=1
IntID=0
Mundo=43
TDono=0
Dono=Ninguem
Preco=10000
Trancada=0
TMorador=0
Morador=Ninguem
Id=121
IconId=118
