PosX=2066.328613
PosY=-993.239501
PosZ=48.799869
Int=1
IntID=0
Mundo=7
TDono=0
Dono=Ninguem
Preco=10000
Trancada=0
TMorador=0
Morador=Ninguem
Id=85
IconId=82
