PosX=2091.048828
PosY=-1277.838012
PosZ=26.179687
Int=1
IntID=0
Mundo=44
TDono=0
Dono=Ninguem
Preco=10000
Trancada=0
TMorador=0
Morador=Ninguem
Id=122
IconId=119
