PosX=2108.881103
PosY=-1000.768798
PosZ=60.507812
Int=1
IntID=0
Mundo=2
TDono=0
Dono=Ninguem
Preco=10000
Trancada=0
TMorador=0
Morador=Ninguem
Id=80
IconId=77
