PosX=1071.945434
PosY=1465.828613
PosZ=5.820312
Int=1
IntID=0
Mundo=22
TDono=0
Dono=Ninguem
Preco=100000
Trancada=0
TMorador=0
Morador=Ninguem
Id=100
IconId=97
