PosX=1288.219116
PosY=-787.785583
PosZ=92.031250
Int=1
IntID=0
Mundo=28
TDono=1
Dono=BNF_Rafa_DK_
Preco=10000
Trancada=0
TMorador=0
Morador=Ninguem
Id=106
IconId=103
