PosX=2589.634521
PosY=1654.794067
PosZ=11.023437
Int=1
IntID=0
Mundo=41
TDono=0
Dono=Ninguem
Preco=10000
Trancada=0
TMorador=0
Morador=Ninguem
Id=119
IconId=116
