PosX=2495.487792
PosY=-1690.987304
PosZ=14.765625
Int=1
IntID=0
Mundo=13
TDono=0
Dono=Ninguem
Preco=10000
Trancada=0
TMorador=0
Morador=Ninguem
Id=91
IconId=88
