PosX=2017.328491
PosY=1916.615112
PosZ=12.342265
Int=1
IntID=0
Mundo=46
TDono=1
Dono=BiiiL
Preco=1
Trancada=0
TMorador=0
Morador=Ninguem
Id=124
IconId=121
