PosX=2249.349365
PosY=-1060.334594
PosZ=55.968750
Int=1
IntID=0
Mundo=9
TDono=0
Dono=Ninguem
Preco=10000
Trancada=0
TMorador=0
Morador=Ninguem
Id=87
IconId=84
