PosX=2408.998046
PosY=-1674.778076
PosZ=14.375000
Int=1
IntID=0
Mundo=20
TDono=0
Dono=Ninguem
Preco=10000
Trancada=0
TMorador=0
Morador=Ninguem
Id=98
IconId=95
