PosX=937.908752
PosY=-848.490173
PosZ=93.603866
Int=1
IntID=0
Mundo=25
TDono=0
Dono=Ninguem
Preco=10000
Trancada=0
TMorador=0
Morador=Ninguem
Id=103
IconId=100
