PosX=2207.628662
PosY=-1026.360473
PosZ=61.353103
Int=1
IntID=0
Mundo=21
TDono=0
Dono=Ninguem
Preco=100000
Trancada=0
TMorador=0
Morador=Ninguem
Id=99
IconId=96
