PosX=2142.631591
PosY=-978.390930
PosZ=61.379306
Int=1
IntID=0
Mundo=5
TDono=0
Dono=Ninguem
Preco=10000
Trancada=0
TMorador=0
Morador=Ninguem
Id=83
IconId=80
