PosX=1304.003662
PosY=-988.666198
PosZ=35.280891
Int=1
IntID=0
Mundo=29
TDono=0
Dono=Ninguem
Preco=10000
Trancada=0
TMorador=0
Morador=Ninguem
Id=107
IconId=104
