PosX=2413.744628
PosY=-1646.956420
PosZ=14.011916
Int=1
IntID=0
Mundo=19
TDono=0
Dono=Ninguem
Preco=10000
Trancada=0
TMorador=0
Morador=Ninguem
Id=97
IconId=94
