PosX=1497.484008
PosY=-689.988525
PosZ=94.750000
Int=1
IntID=0
Mundo=45
TDono=1
Dono=luan157
Preco=1
Trancada=0
TMorador=0
Morador=Ninguem
Id=123
IconId=120
