PosX=2539.038818
PosY=1884.042480
PosZ=11.031209
Int=1
IntID=0
Mundo=38
TDono=0
Dono=Ninguem
Preco=10000
Trancada=0
TMorador=0
Morador=Ninguem
Id=116
IconId=113
