PosX=827.764404
PosY=-858.000671
PosZ=70.330810
Int=1
IntID=0
Mundo=24
TDono=1
Dono=mateus157
Preco=10000
Trancada=0
TMorador=0
Morador=Ninguem
Id=102
IconId=99
