PosX=2597.850830
PosY=1900.705322
PosZ=11.023437
Int=1
IntID=0
Mundo=35
TDono=0
Dono=Ninguem
Preco=10000
Trancada=0
TMorador=0
Morador=Ninguem
Id=113
IconId=110
