PosX=2498.284912
PosY=-1642.253662
PosZ=14.113082
Int=1
IntID=0
Mundo=16
TDono=0
Dono=Ninguem
Preco=10000
Trancada=0
TMorador=0
Morador=Ninguem
Id=94
IconId=91
