PosX=2186.402587
PosY=-997.305725
PosZ=66.468750
Int=1
IntID=0
Mundo=1
TDono=0
Dono=Ninguem
Preco=10000
Trancada=0
TMorador=0
Morador=Ninguem
Id=79
IconId=76
