PosX=1286.806030
PosY=-1349.946411
PosZ=13.570463
Int=1
IntID=0
Mundo=31
TDono=0
Dono=Ninguem
Preco=10000
Trancada=0
TMorador=0
Morador=Ninguem
Id=109
IconId=106
