PosX=1259.637207
PosY=-785.586059
PosZ=92.031250
Int=1
IntID=0
Mundo=27
TDono=0
Dono=Ninguem
Preco=10000
Trancada=0
TMorador=0
Morador=Ninguem
Id=105
IconId=102
