PosX=1094.716552
PosY=-647.913391
PosZ=113.648437
Int=19
IntID=0
Mundo=50
TDono=0
Dono=Ninguem
Preco=100000
Trancada=0
TMorador=0
Morador=Ninguem
Id=128
IconId=125
