PosX=2523.126953
PosY=-1679.184936
PosZ=15.496999
Int=1
IntID=0
Mundo=14
TDono=0
Dono=Ninguem
Preco=10000
Trancada=0
TMorador=0
Morador=Ninguem
Id=92
IconId=89
