PosX=2259.441650
PosY=-1019.088134
PosZ=59.297313
Int=1
IntID=0
Mundo=8
TDono=0
Dono=Ninguem
Preco=10000
Trancada=0
TMorador=0
Morador=Ninguem
Id=86
IconId=83
