PosX=2154.125976
PosY=-979.836547
PosZ=63.293369
Int=1
IntID=0
Mundo=4
TDono=0
Dono=Ninguem
Preco=10000
Trancada=0
TMorador=0
Morador=Ninguem
Id=82
IconId=79
