PosX=2524.701904
PosY=-1658.677856
PosZ=15.824020
Int=1
IntID=0
Mundo=15
TDono=0
Dono=Ninguem
Preco=10000
Trancada=0
TMorador=0
Morador=Ninguem
Id=93
IconId=90
