PosX=989.903381
PosY=-828.581726
PosZ=95.468574
Int=1
IntID=0
Mundo=26
TDono=0
Dono=Ninguem
Preco=10000
Trancada=0
TMorador=0
Morador=Ninguem
Id=104
IconId=101
