PosX=2000.088745
PosY=-991.773315
PosZ=32.131359
Int=1
IntID=0
Mundo=12
TDono=0
Dono=Ninguem
Preco=10000
Trancada=0
TMorador=0
Morador=Ninguem
Id=90
IconId=87
