PosX=2634.424560
PosY=1716.739868
PosZ=11.023437
Int=1
IntID=0
Mundo=33
TDono=1
Dono=pcc
Preco=10000
Trancada=0
TMorador=0
Morador=Ninguem
Id=111
IconId=108
