PosX=2548.236816
PosY=1797.721923
PosZ=11.031209
Int=1
IntID=0
Mundo=39
TDono=0
Dono=Ninguem
Preco=10000
Trancada=0
TMorador=0
Morador=Ninguem
Id=117
IconId=114
