PosX=2278.786621
PosY=-1077.295532
PosZ=48.115364
Int=1
IntID=0
Mundo=10
TDono=0
Dono=Ninguem
Preco=10000
Trancada=0
TMorador=0
Morador=Ninguem
Id=88
IconId=85
