PosX=2287.601074
PosY=-1080.973510
PosZ=48.139797
Int=1
IntID=0
Mundo=11
TDono=0
Dono=Ninguem
Preco=10000
Trancada=0
TMorador=0
Morador=Ninguem
Id=89
IconId=86
